{
 "cells": [
  {
   "cell_type": "code",
   "execution_count": 1,
   "metadata": {},
   "outputs": [],
   "source": [
    "from __future__ import absolute_import\n",
    "from __future__ import division\n",
    "from __future__ import print_function\n",
    "\n",
    "import numpy as np\n",
    "import tensorflow as tf\n",
    "\n",
    "tf.logging.set_verbosity(tf.logging.INFO)"
   ]
  },
  {
   "cell_type": "code",
   "execution_count": 2,
   "metadata": {},
   "outputs": [],
   "source": [
    "def cnn_model_fn(features, labels, mode):\n",
    "  \n",
    "  input_layer = tf.reshape(features[\"x\"], [-1, 28, 28, 1])\n",
    "\n",
    "  # Convolutional Layer #1\n",
    "  # Computes 32 features using a 5x5 filter with ReLU activation.\n",
    "  # Padding is added to preserve width and height.\n",
    "  # Input Tensor Shape: [batch_size, 28, 28, 1]\n",
    "  # Output Tensor Shape: [batch_size, 28, 28, 32]\n",
    "  conv1 = tf.layers.conv2d(\n",
    "      inputs=input_layer,\n",
    "      filters=32,\n",
    "      kernel_size=[5, 5],\n",
    "      padding=\"same\",\n",
    "      activation=tf.nn.relu)\n",
    "\n",
    "  # Pooling Layer #1\n",
    "  # First max pooling layer with a 2x2 filter and stride of 2\n",
    "  # Input Tensor Shape: [batch_size, 28, 28, 32]\n",
    "  # Output Tensor Shape: [batch_size, 14, 14, 32]\n",
    "  pool1 = tf.layers.max_pooling2d(inputs=conv1, pool_size=[2, 2], strides=2)\n",
    "\n",
    "  # Convolutional Layer #2\n",
    "  # Computes 64 features using a 5x5 filter.\n",
    "  # Padding is added to preserve width and height.\n",
    "  # Input Tensor Shape: [batch_size, 14, 14, 32]\n",
    "  # Output Tensor Shape: [batch_size, 14, 14, 64]\n",
    "  conv2 = tf.layers.conv2d(\n",
    "      inputs=pool1,\n",
    "      filters=64,\n",
    "      kernel_size=[5, 5],\n",
    "      padding=\"same\",\n",
    "      activation=tf.nn.relu)\n",
    "\n",
    "  # Pooling Layer #2\n",
    "  # Second max pooling layer with a 2x2 filter and stride of 2\n",
    "  # Input Tensor Shape: [batch_size, 14, 14, 64]\n",
    "  # Output Tensor Shape: [batch_size, 7, 7, 64]\n",
    "  pool2 = tf.layers.max_pooling2d(inputs=conv2, pool_size=[2, 2], strides=2)\n",
    "\n",
    "  # Flatten tensor into a batch of vectors\n",
    "  # Input Tensor Shape: [batch_size, 7, 7, 64]\n",
    "  # Output Tensor Shape: [batch_size, 7 * 7 * 64]\n",
    "  pool2_flat = tf.reshape(pool2, [-1, 7 * 7 * 64])\n",
    "\n",
    "  # Dense Layer\n",
    "  # Densely connected layer with 1024 neurons\n",
    "  # Input Tensor Shape: [batch_size, 7 * 7 * 64]\n",
    "  # Output Tensor Shape: [batch_size, 1024]\n",
    "  dense = tf.layers.dense(inputs=pool2_flat, units=1024, activation=tf.nn.relu)\n",
    "\n",
    "  # Add dropout operation; 0.6 probability that element will be kept\n",
    "  dropout = tf.layers.dropout(\n",
    "      inputs=dense, rate=0.4, training=mode == tf.estimator.ModeKeys.TRAIN)\n",
    "\n",
    "  # Logits layer\n",
    "  # Input Tensor Shape: [batch_size, 1024]\n",
    "  # Output Tensor Shape: [batch_size, 10]\n",
    "  logits = tf.layers.dense(inputs=dropout, units=10)\n",
    "\n",
    "  predictions = {\n",
    "      # Generate predictions (for PREDICT and EVAL mode)\n",
    "      \"classes\": tf.argmax(input=logits, axis=1),\n",
    "      # Add `softmax_tensor` to the graph. It is used for PREDICT and by the\n",
    "      # `logging_hook`.\n",
    "      \"probabilities\": tf.nn.softmax(logits, name=\"softmax_tensor\")\n",
    "  }\n",
    "  if mode == tf.estimator.ModeKeys.PREDICT:\n",
    "    return tf.estimator.EstimatorSpec(mode=mode, predictions=predictions)\n",
    "\n",
    "  # Calculate Loss (for both TRAIN and EVAL modes)\n",
    "  loss = tf.nn.softmax_cross_entropy_with_logits(labels=labels, logits=logits)\n",
    "\n",
    "  # Configure the Training Op (for TRAIN mode)\n",
    "  if mode == tf.estimator.ModeKeys.TRAIN:\n",
    "    optimizer = tf.train.GradientDescentOptimizer(learning_rate=0.001)\n",
    "    train_op = optimizer.minimize(\n",
    "        loss=loss,\n",
    "        global_step=tf.train.get_global_step())\n",
    "    return tf.estimator.EstimatorSpec(mode=mode, loss=loss, train_op=train_op)\n",
    "\n",
    "  # Add evaluation metrics (for EVAL mode)\n",
    "  eval_metric_ops = {\n",
    "      \"accuracy\": tf.metrics.accuracy(\n",
    "          labels=labels, predictions=predictions[\"classes\"])}\n",
    "  return tf.estimator.EstimatorSpec(\n",
    "      mode=mode, loss=loss, eval_metric_ops=eval_metric_ops)"
   ]
  },
  {
   "cell_type": "code",
   "execution_count": 4,
   "metadata": {},
   "outputs": [
    {
     "name": "stdout",
     "output_type": "stream",
     "text": [
      "Extracting MNIST-data\\train-images-idx3-ubyte.gz\n",
      "Extracting MNIST-data\\train-labels-idx1-ubyte.gz\n",
      "Extracting MNIST-data\\t10k-images-idx3-ubyte.gz\n",
      "Extracting MNIST-data\\t10k-labels-idx1-ubyte.gz\n",
      "INFO:tensorflow:Using default config.\n",
      "INFO:tensorflow:Using config: {'_model_dir': '/tmp/mnist_convnet_model_16', '_tf_random_seed': None, '_save_summary_steps': 100, '_save_checkpoints_steps': None, '_save_checkpoints_secs': 600, '_session_config': None, '_keep_checkpoint_max': 5, '_keep_checkpoint_every_n_hours': 10000, '_log_step_count_steps': 100, '_service': None, '_cluster_spec': <tensorflow.python.training.server_lib.ClusterSpec object at 0x0000018BCA49DBA8>, '_task_type': 'worker', '_task_id': 0, '_global_id_in_cluster': 0, '_master': '', '_evaluation_master': '', '_is_chief': True, '_num_ps_replicas': 0, '_num_worker_replicas': 1}\n",
      "INFO:tensorflow:Calling model_fn.\n",
      "INFO:tensorflow:Done calling model_fn.\n",
      "INFO:tensorflow:Create CheckpointSaverHook.\n",
      "INFO:tensorflow:Graph was finalized.\n",
      "INFO:tensorflow:Running local_init_op.\n",
      "INFO:tensorflow:Done running local_init_op.\n",
      "INFO:tensorflow:Saving checkpoints for 1 into /tmp/mnist_convnet_model_16\\model.ckpt.\n",
      "INFO:tensorflow:probabilities = [[0.11082194 0.08542357 0.09686477 0.1060062  0.10185979 0.09812901\n",
      "  0.10366476 0.1220805  0.08798607 0.08716352]\n",
      " [0.09511312 0.08889072 0.08652069 0.09644144 0.09366885 0.11789183\n",
      "  0.09032174 0.12458832 0.09996077 0.10660246]\n",
      " [0.1020202  0.0891265  0.10486054 0.08859411 0.10353509 0.10947881\n",
      "  0.10439562 0.10541774 0.1041526  0.08841877]\n",
      " [0.10695798 0.08779526 0.10199152 0.09891298 0.10340541 0.09745301\n",
      "  0.09833796 0.11057264 0.09780934 0.09676386]\n",
      " [0.09843674 0.08398488 0.09737625 0.09424014 0.10753693 0.1298324\n",
      "  0.09433434 0.10173686 0.09361662 0.0989049 ]\n",
      " [0.10129701 0.08952002 0.10037897 0.10265651 0.1049966  0.1042017\n",
      "  0.09327115 0.11676393 0.08955923 0.09735491]\n",
      " [0.0965436  0.10007347 0.09567259 0.10272454 0.09772035 0.09026857\n",
      "  0.11008165 0.1236963  0.09860557 0.08461335]\n",
      " [0.0896579  0.08963906 0.10398131 0.09493946 0.10344057 0.10187288\n",
      "  0.10518818 0.1147311  0.10468794 0.0918615 ]\n",
      " [0.10222051 0.10006336 0.10300909 0.09616166 0.10689227 0.09769724\n",
      "  0.09522821 0.11021992 0.09785914 0.09064855]\n",
      " [0.08705144 0.0806399  0.10565911 0.08688815 0.10379219 0.1112349\n",
      "  0.08633865 0.13452743 0.09845874 0.10540946]\n",
      " [0.10734845 0.07497716 0.09120448 0.10045877 0.1168144  0.09981494\n",
      "  0.10624675 0.10767379 0.09961752 0.09584364]\n",
      " [0.10459831 0.07639053 0.09311897 0.09766085 0.10076558 0.10593335\n",
      "  0.09543473 0.11503812 0.10052137 0.11053815]\n",
      " [0.09070414 0.08693292 0.09673209 0.10873239 0.1078341  0.10959761\n",
      "  0.09660953 0.10067029 0.10170249 0.10048448]\n",
      " [0.09716682 0.0939992  0.0948149  0.10213335 0.09781902 0.10999279\n",
      "  0.0957952  0.11846021 0.09244765 0.09737089]\n",
      " [0.10569852 0.0839508  0.10436341 0.09328444 0.11310038 0.09117301\n",
      "  0.09710477 0.11216959 0.09713228 0.10202275]\n",
      " [0.10045865 0.08839334 0.09826525 0.09867813 0.10503744 0.09956211\n",
      "  0.0967455  0.11005883 0.10565391 0.09714685]\n",
      " [0.09902175 0.09230456 0.0935579  0.09139729 0.10399106 0.09955841\n",
      "  0.09528823 0.11574522 0.10346578 0.10566989]\n",
      " [0.1063586  0.08794899 0.08907161 0.11178306 0.09361497 0.09423927\n",
      "  0.09526172 0.12793553 0.08777548 0.10601082]\n",
      " [0.09896901 0.09371011 0.09125959 0.0946306  0.10389339 0.1157878\n",
      "  0.10332196 0.10754937 0.09582931 0.09504896]\n",
      " [0.10523653 0.0876203  0.09501826 0.09668318 0.09676033 0.11564056\n",
      "  0.0958268  0.11364233 0.09951897 0.0940527 ]\n",
      " [0.09483188 0.08875597 0.10213193 0.094978   0.10140348 0.10594145\n",
      "  0.09485574 0.12810074 0.09477561 0.09422525]\n",
      " [0.10139169 0.08296612 0.08820269 0.09626848 0.11620262 0.09931479\n",
      "  0.09863232 0.11961558 0.10530057 0.09210519]\n",
      " [0.09976936 0.07939328 0.09560334 0.10216163 0.10145124 0.12646832\n",
      "  0.09497521 0.11620105 0.09067789 0.09329867]\n",
      " [0.09672308 0.09070639 0.09174529 0.08941976 0.10950564 0.10857355\n",
      "  0.09797621 0.11590463 0.09671666 0.10272885]\n",
      " [0.10455763 0.07340271 0.09713715 0.09409504 0.10719237 0.10716465\n",
      "  0.09246784 0.12523597 0.09659456 0.10215208]\n",
      " [0.1236534  0.09001241 0.10917579 0.09664281 0.11024175 0.08527911\n",
      "  0.09185527 0.11204508 0.09166117 0.08943323]\n",
      " [0.10448338 0.07780241 0.08686835 0.10166348 0.10675593 0.09200022\n",
      "  0.09525283 0.13066302 0.10147458 0.10303579]\n",
      " [0.10104899 0.06957322 0.08776977 0.10385285 0.1115889  0.11503644\n",
      "  0.10404577 0.12887773 0.08852415 0.08968213]\n",
      " [0.10768237 0.08706853 0.10567421 0.10556404 0.10230577 0.10176421\n",
      "  0.09436415 0.11535318 0.0837319  0.09649155]\n",
      " [0.1017712  0.08099563 0.10705226 0.09820158 0.1088483  0.09510235\n",
      "  0.09654241 0.11890012 0.09080521 0.10178096]\n",
      " [0.09975155 0.08682135 0.099121   0.10134311 0.10277403 0.10239302\n",
      "  0.10248626 0.10595559 0.10403302 0.09532096]\n",
      " [0.09852981 0.08605776 0.09748285 0.10024288 0.10328451 0.10006061\n",
      "  0.09496881 0.11266097 0.10687781 0.09983406]\n",
      " [0.10287867 0.09068457 0.10226908 0.08756541 0.1042703  0.10801098\n",
      "  0.08614396 0.12312958 0.0941525  0.100895  ]\n",
      " [0.10725449 0.08703378 0.09769618 0.10212772 0.10453284 0.11629368\n",
      "  0.09155966 0.11344582 0.08358457 0.09647131]\n",
      " [0.11111148 0.0811732  0.10835253 0.0830971  0.10609251 0.10686596\n",
      "  0.10049848 0.12383885 0.08257109 0.09639877]\n",
      " [0.11179839 0.07896075 0.10168367 0.1021954  0.09758994 0.11097898\n",
      "  0.09447147 0.10619017 0.10426509 0.09186609]\n",
      " [0.09207207 0.08468217 0.0997209  0.10240941 0.10694427 0.10104717\n",
      "  0.09575842 0.1235973  0.09431919 0.09944905]\n",
      " [0.09504865 0.08384389 0.10116061 0.09625326 0.10686671 0.09771062\n",
      "  0.10091103 0.116283   0.10774543 0.09417683]\n",
      " [0.10008034 0.08327636 0.09842042 0.0927209  0.10471932 0.10151082\n",
      "  0.09971463 0.1154877  0.1041659  0.09990375]\n",
      " [0.10639366 0.09064262 0.10288566 0.08876626 0.09781477 0.10865122\n",
      "  0.09114882 0.12141827 0.0973632  0.09491549]\n",
      " [0.10468824 0.08043451 0.09443033 0.10135572 0.09685916 0.11012271\n",
      "  0.08784349 0.12782867 0.10070625 0.09573092]\n",
      " [0.09642143 0.09253481 0.10716462 0.10946147 0.10787759 0.08945412\n",
      "  0.1026288  0.10705207 0.09029642 0.09710866]\n",
      " [0.1040248  0.08559907 0.09890909 0.09516007 0.10259122 0.09906134\n",
      "  0.09311024 0.1372856  0.09946956 0.084789  ]\n",
      " [0.10290676 0.07892261 0.10053296 0.09220713 0.10503008 0.1089839\n",
      "  0.09578483 0.12122047 0.10329709 0.09111404]\n",
      " [0.10080539 0.0886317  0.10029884 0.10739781 0.10851327 0.10105015\n",
      "  0.09089001 0.10998572 0.09233011 0.10009703]\n",
      " [0.09611031 0.08430753 0.09245057 0.09720172 0.10354818 0.1100224\n",
      "  0.09994077 0.11628679 0.10737924 0.09275255]\n",
      " [0.08494641 0.10100874 0.09451023 0.08865056 0.1047126  0.11923326\n",
      "  0.10565602 0.12027185 0.09387847 0.08713187]\n",
      " [0.10739787 0.09952051 0.10199498 0.08828341 0.09735517 0.10207274\n",
      "  0.10384553 0.11174099 0.09299114 0.0947977 ]\n",
      " [0.09623975 0.08220592 0.08987297 0.09891984 0.10178819 0.11160636\n",
      "  0.10043417 0.11339854 0.10575524 0.09977893]\n",
      " [0.10489383 0.07814801 0.09695704 0.09099846 0.11026426 0.09524496\n",
      "  0.10375056 0.12797773 0.09548128 0.09628388]]\n",
      "INFO:tensorflow:loss = 2.3054595, step = 1\n",
      "INFO:tensorflow:probabilities = [[0.09881088 0.10097995 0.09773558 0.10186038 0.09142032 0.09602748\n",
      "  0.09583262 0.11351493 0.1091144  0.09470344]\n",
      " [0.11297423 0.09049127 0.08690289 0.09912546 0.10374771 0.09565023\n",
      "  0.10240752 0.1212184  0.09573288 0.09174947]\n",
      " [0.10583126 0.0904121  0.10506447 0.09014399 0.10318516 0.10168927\n",
      "  0.09993614 0.11984843 0.08912665 0.09476257]\n",
      " [0.08731855 0.09685185 0.10271169 0.09918289 0.09471459 0.10194964\n",
      "  0.09529299 0.11808996 0.11070806 0.0931799 ]\n",
      " [0.09607077 0.09594543 0.09338576 0.1088495  0.10201934 0.10113028\n",
      "  0.10082566 0.11686675 0.10302653 0.08188002]\n",
      " [0.1031673  0.08098591 0.09661174 0.09964869 0.10878759 0.10267841\n",
      "  0.09388444 0.12069506 0.09485331 0.09868754]\n",
      " [0.09081866 0.09962661 0.09473627 0.09528324 0.1012169  0.11152303\n",
      "  0.0949062  0.11936898 0.09305811 0.09946203]\n",
      " [0.10630351 0.08702641 0.10036218 0.0894457  0.11068544 0.10658233\n",
      "  0.10584378 0.1128223  0.08530371 0.09562463]\n",
      " [0.1022907  0.08623642 0.09121989 0.10983606 0.08966386 0.10743789\n",
      "  0.10516693 0.11435205 0.09917696 0.09461921]\n",
      " [0.1028622  0.07883064 0.10300163 0.09139331 0.1097621  0.11758633\n",
      "  0.0952514  0.11437985 0.09381534 0.09311709]\n",
      " [0.10097847 0.08319362 0.11384765 0.10723273 0.09611045 0.10800026\n",
      "  0.08720005 0.10740929 0.09584288 0.10018463]\n",
      " [0.10471553 0.08258302 0.09216814 0.10412207 0.10220424 0.10814727\n",
      "  0.0946659  0.1197674  0.09468614 0.09694038]\n",
      " [0.10558638 0.08085914 0.10628295 0.1136964  0.1003863  0.10015777\n",
      "  0.10657354 0.1099368  0.08964824 0.08687249]\n",
      " [0.10121139 0.09301465 0.09569134 0.09056297 0.10751432 0.10313094\n",
      "  0.09068166 0.11718281 0.10398035 0.09702967]\n",
      " [0.0944851  0.08756308 0.09714461 0.08753738 0.11765978 0.10659225\n",
      "  0.10041745 0.11960302 0.10255326 0.08644398]\n",
      " [0.09055199 0.09317964 0.09673822 0.09978654 0.09738318 0.11781422\n",
      "  0.1010349  0.11305938 0.09354874 0.09690319]\n",
      " [0.10316148 0.08235633 0.10010304 0.10260496 0.09894867 0.09584569\n",
      "  0.08798338 0.1245088  0.09904721 0.10544033]\n",
      " [0.10344472 0.08759207 0.10472463 0.094661   0.10400201 0.10182806\n",
      "  0.09386202 0.10970098 0.10284197 0.09734254]\n",
      " [0.10088699 0.0912481  0.09488142 0.09963719 0.09969652 0.09964905\n",
      "  0.09640296 0.12738754 0.10199178 0.08821847]\n",
      " [0.1074487  0.0909457  0.11096771 0.09911079 0.10071717 0.09339123\n",
      "  0.09835953 0.11268233 0.08977355 0.09660326]\n",
      " [0.08612756 0.08604096 0.09686913 0.09155658 0.112795   0.10883069\n",
      "  0.09748423 0.10967018 0.11396365 0.09666196]\n",
      " [0.09620599 0.09255022 0.10284644 0.10001706 0.09885841 0.10558644\n",
      "  0.09107946 0.10649236 0.10530195 0.10106167]\n",
      " [0.10134829 0.09026124 0.08817527 0.09954989 0.10394057 0.1053578\n",
      "  0.10698896 0.10786775 0.09838358 0.09812669]\n",
      " [0.09335399 0.08660527 0.09727667 0.10195587 0.10454237 0.11359019\n",
      "  0.097665   0.10629982 0.09954715 0.09916373]\n",
      " [0.10885597 0.08313159 0.10255533 0.10090693 0.11971675 0.09766705\n",
      "  0.09654156 0.10263553 0.09426635 0.09372297]\n",
      " [0.10213611 0.09259136 0.09492858 0.09265558 0.1121631  0.10497054\n",
      "  0.09599723 0.11173791 0.1036346  0.08918511]\n",
      " [0.10701162 0.08060922 0.10167946 0.0913835  0.1129317  0.10478434\n",
      "  0.09997278 0.11523883 0.08654184 0.09984673]\n",
      " [0.09872486 0.09026209 0.09620971 0.09915733 0.10349192 0.09738722\n",
      "  0.10235724 0.10600264 0.11323328 0.09317371]\n",
      " [0.09606762 0.08213636 0.0999791  0.09286896 0.10861742 0.09967377\n",
      "  0.10011468 0.12363841 0.10086128 0.09604237]\n",
      " [0.10523526 0.07642094 0.08986078 0.0957686  0.10762157 0.1077464\n",
      "  0.08848032 0.1280241  0.09815022 0.10269173]\n",
      " [0.09970298 0.09464809 0.09976684 0.11729494 0.09447457 0.09328828\n",
      "  0.10865033 0.11274822 0.09466875 0.08475688]\n",
      " [0.09919056 0.07980531 0.10694806 0.10855658 0.08628389 0.10892958\n",
      "  0.09039413 0.13323507 0.08848508 0.0981718 ]\n",
      " [0.09934077 0.08560237 0.10505091 0.10048781 0.10104951 0.09782156\n",
      "  0.09533308 0.11784595 0.09925397 0.09821397]\n",
      " [0.10266403 0.08657378 0.10230365 0.091322   0.11087788 0.11059344\n",
      "  0.09356378 0.11019188 0.09224229 0.09966718]\n",
      " [0.09615553 0.08086539 0.10020029 0.11047573 0.11159927 0.09783191\n",
      "  0.10404041 0.11828826 0.09112211 0.08942112]\n",
      " [0.09974115 0.09512092 0.09333146 0.11624836 0.10082411 0.09991658\n",
      "  0.09915946 0.09755104 0.10812259 0.08998431]\n",
      " [0.10426463 0.08207904 0.09078243 0.1070464  0.099643   0.10862959\n",
      "  0.09592421 0.11817849 0.09714441 0.0963077 ]\n",
      " [0.11420889 0.08955151 0.09845087 0.09950895 0.09436224 0.09780028\n",
      "  0.09808033 0.117259   0.1006132  0.09016477]\n",
      " [0.09191324 0.09012238 0.1001754  0.10115828 0.09854143 0.10532802\n",
      "  0.09832074 0.11997218 0.09389621 0.10057207]\n",
      " [0.09307428 0.09469035 0.10209753 0.09949154 0.09605411 0.10677139\n",
      "  0.09344771 0.1082854  0.10842849 0.09765915]\n",
      " [0.10572027 0.08806746 0.10278068 0.09805715 0.08918061 0.11081603\n",
      "  0.09335744 0.11761706 0.09453951 0.09986378]\n",
      " [0.10599179 0.08019254 0.09796274 0.1023737  0.09757283 0.10962516\n",
      "  0.09042434 0.12533107 0.09652602 0.0939998 ]\n",
      " [0.09876897 0.095529   0.10559807 0.10271035 0.10544419 0.10232407\n",
      "  0.08270546 0.11166096 0.09066564 0.10459318]\n",
      " [0.09537061 0.08959469 0.09548191 0.09847996 0.11658455 0.10968619\n",
      "  0.10374008 0.10598018 0.09843691 0.08664487]\n",
      " [0.10724039 0.07740781 0.09392148 0.09614631 0.11194164 0.0984929\n",
      "  0.09503873 0.12090414 0.10555959 0.09334693]\n",
      " [0.08523179 0.09204984 0.08976257 0.09199934 0.10876764 0.11465263\n",
      "  0.10755213 0.11024471 0.09493109 0.10480829]\n",
      " [0.09631236 0.08997318 0.10803027 0.10438129 0.09620275 0.09914771\n",
      "  0.09884539 0.11500984 0.10476157 0.08733575]\n",
      " [0.09908358 0.07797286 0.10425269 0.10020199 0.09372297 0.12082024\n",
      "  0.09418178 0.11310004 0.10223731 0.09442651]\n",
      " [0.09706365 0.08508737 0.10020383 0.10297237 0.09908004 0.09659022\n",
      "  0.10089781 0.12398238 0.09934343 0.09477893]\n",
      " [0.09328143 0.08855113 0.09358485 0.10331924 0.09904581 0.10044436\n",
      "  0.10610469 0.12031747 0.09357417 0.10177688]] (8.049 sec)\n"
     ]
    },
    {
     "name": "stdout",
     "output_type": "stream",
     "text": [
      "INFO:tensorflow:global_step/sec: 6.19513\n",
      "INFO:tensorflow:probabilities = [[0.09649971 0.09826566 0.10544965 0.09222008 0.09131997 0.11204943\n",
      "  0.0932181  0.11599628 0.09132864 0.10365245]\n",
      " [0.10347097 0.08851179 0.10494371 0.09820484 0.10578709 0.10825955\n",
      "  0.08623647 0.11708754 0.09575482 0.09174324]\n",
      " [0.09448459 0.09167907 0.09470522 0.11129263 0.10132904 0.09701726\n",
      "  0.09071919 0.1089443  0.10722216 0.10260657]\n",
      " [0.10911474 0.0829841  0.10120209 0.11871196 0.09175321 0.0993224\n",
      "  0.10280134 0.10262936 0.09616452 0.09531621]\n",
      " [0.09545162 0.07982145 0.09723537 0.1104011  0.1068995  0.09442437\n",
      "  0.09560661 0.11465942 0.10366111 0.10183947]\n",
      " [0.09540354 0.08747053 0.10830557 0.10608907 0.10011628 0.09352271\n",
      "  0.09522536 0.11451682 0.10004467 0.09930545]\n",
      " [0.09823077 0.09331622 0.10651053 0.1060454  0.09585574 0.10443936\n",
      "  0.09311406 0.11304384 0.09414112 0.09530304]\n",
      " [0.10471565 0.09239195 0.10499725 0.10112751 0.10980291 0.10274439\n",
      "  0.09038496 0.11578391 0.08518026 0.09287125]\n",
      " [0.10271458 0.08603308 0.10080329 0.10742489 0.10721022 0.09569008\n",
      "  0.1076322  0.11764143 0.09118246 0.08366779]\n",
      " [0.10464034 0.0801547  0.10628307 0.09302413 0.09886345 0.10694981\n",
      "  0.08927266 0.12077842 0.09474166 0.10529176]\n",
      " [0.0983185  0.09328622 0.10843205 0.10162979 0.1132221  0.10203669\n",
      "  0.0940106  0.10317644 0.09972782 0.08615968]\n",
      " [0.10273512 0.08597597 0.10031369 0.1036424  0.11308555 0.09989525\n",
      "  0.10332088 0.10013944 0.10015932 0.09073233]\n",
      " [0.1139572  0.07477437 0.10284571 0.10556594 0.09124117 0.11042873\n",
      "  0.09175558 0.1159955  0.09484261 0.09859321]\n",
      " [0.10348443 0.08637477 0.09871725 0.09622564 0.09952226 0.10620099\n",
      "  0.10160704 0.11190851 0.09478748 0.10117161]\n",
      " [0.11137207 0.08106382 0.0902085  0.09794623 0.09774494 0.11532757\n",
      "  0.08933602 0.12342881 0.10233161 0.09124043]\n",
      " [0.09675022 0.0968793  0.09854163 0.10627628 0.10182751 0.10065714\n",
      "  0.09665625 0.10025544 0.10535472 0.09680156]\n",
      " [0.09272709 0.08420605 0.10016934 0.10036576 0.10777327 0.10558666\n",
      "  0.10175207 0.11546417 0.09400038 0.09795517]\n",
      " [0.10481815 0.08288433 0.09862523 0.09513199 0.10104545 0.0902046\n",
      "  0.09592579 0.1189331  0.11488036 0.09755095]\n",
      " [0.0978262  0.09208684 0.09501059 0.09970459 0.10202747 0.09172966\n",
      "  0.10473073 0.11249975 0.1076519  0.09673226]\n",
      " [0.10152224 0.08388983 0.11619803 0.09342705 0.10709784 0.10973013\n",
      "  0.09371234 0.10783961 0.0956092  0.09097368]\n",
      " [0.0968944  0.08856314 0.09579356 0.09346254 0.1066969  0.09751805\n",
      "  0.10008726 0.11194894 0.10455527 0.10447995]\n",
      " [0.09956843 0.07016999 0.10877694 0.08543294 0.11575661 0.10200372\n",
      "  0.11321384 0.10813347 0.09911291 0.09783117]\n",
      " [0.09999838 0.09405673 0.10040568 0.09959897 0.10270528 0.10843387\n",
      "  0.08576755 0.11049232 0.09746892 0.10107224]\n",
      " [0.10010736 0.08524117 0.09629352 0.09329692 0.10230248 0.10074545\n",
      "  0.09092627 0.1200292  0.11421308 0.09684454]\n",
      " [0.08986942 0.08297631 0.11367467 0.10407308 0.09080186 0.11363383\n",
      "  0.09609379 0.12012196 0.09664857 0.09210643]\n",
      " [0.10868022 0.08147527 0.10624187 0.09264445 0.10174112 0.11286096\n",
      "  0.0962785  0.1047722  0.09694618 0.09835921]\n",
      " [0.10583785 0.08939614 0.09684229 0.09082693 0.10317134 0.10905971\n",
      "  0.09876302 0.11970168 0.09420838 0.09219258]\n",
      " [0.10206613 0.06875429 0.11466713 0.09914151 0.10124907 0.11336832\n",
      "  0.09103069 0.12477683 0.09442412 0.090522  ]\n",
      " [0.10418485 0.08024233 0.09448104 0.10249221 0.10787862 0.10969026\n",
      "  0.0907037  0.11645388 0.09788465 0.0959885 ]\n",
      " [0.10331027 0.08110437 0.09659856 0.09502466 0.10593175 0.11332861\n",
      "  0.09834433 0.11294007 0.0941642  0.09925314]\n",
      " [0.10542311 0.0803175  0.09518947 0.09791052 0.10972128 0.10618778\n",
      "  0.10323476 0.1156847  0.08980966 0.0965213 ]\n",
      " [0.09065219 0.0805249  0.10115858 0.09290995 0.10530391 0.10569949\n",
      "  0.09762467 0.1183738  0.11030532 0.09744726]\n",
      " [0.09169359 0.0930226  0.10502093 0.10748412 0.09641137 0.10355245\n",
      "  0.09092201 0.12090132 0.09784159 0.09315007]\n",
      " [0.10051518 0.09462534 0.09464092 0.08816878 0.09818048 0.10316086\n",
      "  0.09198564 0.12777023 0.10138872 0.09956381]\n",
      " [0.11026294 0.08103642 0.10151666 0.09622607 0.08943043 0.10613653\n",
      "  0.09831592 0.11810632 0.09686447 0.10210424]\n",
      " [0.10323447 0.08546617 0.10826366 0.10061795 0.1053155  0.09929501\n",
      "  0.09394623 0.10639845 0.1000474  0.09741522]\n",
      " [0.09454902 0.08543099 0.1044314  0.09466741 0.09832706 0.09254997\n",
      "  0.11158477 0.11559046 0.1110015  0.09186735]\n",
      " [0.09255756 0.08943462 0.10310115 0.10210822 0.11111351 0.10071111\n",
      "  0.09130617 0.1170604  0.10006936 0.09253792]\n",
      " [0.11177547 0.08708622 0.09403986 0.08979552 0.10005194 0.11155664\n",
      "  0.09800908 0.11506628 0.09385695 0.09876206]\n",
      " [0.09340096 0.08213085 0.10351534 0.10514607 0.09967846 0.10193761\n",
      "  0.10792582 0.11200006 0.10286277 0.09140208]\n",
      " [0.09740123 0.09009696 0.09479351 0.0985613  0.11033845 0.10434271\n",
      "  0.09403691 0.110128   0.11027604 0.09002492]\n",
      " [0.10921428 0.07329133 0.1000039  0.09798127 0.12226667 0.10960621\n",
      "  0.0903035  0.10391652 0.09432738 0.09908883]\n",
      " [0.09840536 0.0901475  0.09874432 0.09322657 0.10104541 0.10258554\n",
      "  0.09955091 0.112644   0.10487416 0.09877627]\n",
      " [0.09808917 0.08894658 0.09680165 0.09521678 0.11527256 0.1046342\n",
      "  0.0906262  0.11332182 0.09750196 0.09958912]\n",
      " [0.09614956 0.09453992 0.09943025 0.0953307  0.10833238 0.10629267\n",
      "  0.10010012 0.10860809 0.09190723 0.09930909]\n",
      " [0.09825508 0.0934887  0.09905241 0.09987011 0.09959375 0.09394671\n",
      "  0.10055436 0.11866023 0.10454407 0.09203458]\n",
      " [0.09131401 0.08051816 0.09746312 0.09747126 0.09713673 0.11370274\n",
      "  0.106132   0.11173336 0.09800445 0.10652421]\n",
      " [0.09405611 0.07973364 0.10588551 0.08955472 0.09359376 0.11306883\n",
      "  0.0981008  0.12085093 0.10704951 0.09810619]\n",
      " [0.1034339  0.08854735 0.10032353 0.10560371 0.10800152 0.10315423\n",
      "  0.1013805  0.10372811 0.08812668 0.09770046]\n",
      " [0.09799126 0.09248734 0.09445797 0.10151967 0.09296897 0.1174444\n",
      "  0.0905835  0.10900842 0.10300269 0.10053584]] (8.093 sec)\n",
      "INFO:tensorflow:loss = 2.2943726, step = 101 (16.147 sec)\n",
      "INFO:tensorflow:probabilities = [[0.11444123 0.09363883 0.10386945 0.1005313  0.10746047 0.10423705\n",
      "  0.08919514 0.10247304 0.08689261 0.0972609 ]\n",
      " [0.10026322 0.08577823 0.10701561 0.10024314 0.09380288 0.10379863\n",
      "  0.09626134 0.11392745 0.10693955 0.09197003]\n",
      " [0.10924901 0.0842575  0.11636972 0.09050236 0.10575651 0.09930571\n",
      "  0.0982729  0.11272473 0.09712767 0.08643387]\n",
      " [0.10265149 0.08248337 0.08900783 0.09241793 0.09888125 0.10016689\n",
      "  0.10868029 0.12451161 0.09763799 0.10356136]\n",
      " [0.10871758 0.07833659 0.09147028 0.10380553 0.10367809 0.10265915\n",
      "  0.09440657 0.12319721 0.10585482 0.08787422]\n",
      " [0.10843852 0.08570791 0.0988341  0.10485142 0.10991389 0.09150845\n",
      "  0.09690828 0.10348701 0.10745657 0.09289382]\n",
      " [0.10062791 0.09562895 0.10063337 0.0993004  0.1004574  0.10702837\n",
      "  0.08725969 0.12327491 0.08963747 0.09615149]\n",
      " [0.09898637 0.09068868 0.09933402 0.10434227 0.09698651 0.10363991\n",
      "  0.09463906 0.11026105 0.10323991 0.09788224]\n",
      " [0.1033052  0.08159874 0.10475241 0.09443062 0.11402329 0.094921\n",
      "  0.08881614 0.11763851 0.0976497  0.10286434]\n",
      " [0.0875262  0.08613776 0.09536225 0.10282969 0.10501178 0.11084274\n",
      "  0.10404954 0.10908208 0.10034441 0.09881358]\n",
      " [0.12970723 0.08463978 0.09411741 0.09096613 0.10583249 0.11699481\n",
      "  0.09339487 0.11834806 0.07817841 0.08782081]\n",
      " [0.10015963 0.09580994 0.09809034 0.09733278 0.11151648 0.10326418\n",
      "  0.08565857 0.09980506 0.10537711 0.10298594]\n",
      " [0.11456501 0.0914927  0.08829927 0.10737237 0.10323855 0.10129569\n",
      "  0.09049588 0.11200506 0.10332666 0.08790875]\n",
      " [0.08830675 0.07669744 0.10663725 0.09946496 0.10634159 0.10048661\n",
      "  0.0988231  0.1251172  0.10051103 0.09761413]\n",
      " [0.09796906 0.08453482 0.09660164 0.10051001 0.10920383 0.09687918\n",
      "  0.09814584 0.12294538 0.09719349 0.09601665]\n",
      " [0.11015491 0.08358994 0.09281356 0.08538064 0.09429906 0.10187127\n",
      "  0.1044087  0.13006154 0.10139161 0.09602873]\n",
      " [0.1073612  0.09366369 0.10066827 0.10083353 0.09707522 0.1016603\n",
      "  0.09637006 0.1161237  0.09270223 0.09354176]\n",
      " [0.09734899 0.07827912 0.12068066 0.10084775 0.09417414 0.10651342\n",
      "  0.09356371 0.11795142 0.10102566 0.08961518]\n",
      " [0.1133944  0.09215953 0.1067249  0.09176481 0.08725011 0.11821608\n",
      "  0.09634207 0.11854865 0.09040403 0.08519538]\n",
      " [0.09525729 0.09005526 0.09485985 0.10039657 0.10012265 0.09675331\n",
      "  0.09637517 0.11079274 0.11528916 0.10009805]\n",
      " [0.094428   0.09125569 0.10360794 0.10128184 0.10322005 0.08678805\n",
      "  0.09289452 0.12956816 0.10287424 0.09408155]\n",
      " [0.09920431 0.08110955 0.09946546 0.10825521 0.08765161 0.13270597\n",
      "  0.09352475 0.1083947  0.09081645 0.09887205]\n",
      " [0.09535327 0.07536966 0.0946603  0.09237383 0.10855359 0.11671677\n",
      "  0.0961695  0.10847662 0.10732419 0.10500234]\n",
      " [0.09637907 0.08621016 0.09264641 0.0997393  0.11438731 0.099547\n",
      "  0.10392129 0.10249254 0.10454516 0.10013183]\n",
      " [0.09453495 0.08077884 0.10250513 0.10402527 0.09841333 0.10785295\n",
      "  0.09790599 0.12041698 0.09868907 0.09487746]\n",
      " [0.09676476 0.09296846 0.10336228 0.09595145 0.10525021 0.09833795\n",
      "  0.09087387 0.10600079 0.10664938 0.1038409 ]\n",
      " [0.09863666 0.08126262 0.09659443 0.1099171  0.09801405 0.10075165\n",
      "  0.09916516 0.10306603 0.10527845 0.10731377]\n",
      " [0.10402942 0.08623536 0.11010321 0.10541705 0.0969453  0.10101265\n",
      "  0.09026691 0.11612559 0.10410527 0.08575927]\n",
      " [0.09352908 0.09486934 0.0981717  0.09803979 0.1037049  0.10050347\n",
      "  0.09498816 0.1101885  0.1085029  0.09750219]\n",
      " [0.09133637 0.0882141  0.11680065 0.10289892 0.09391019 0.10992929\n",
      "  0.08142145 0.11814538 0.09406704 0.10327667]\n",
      " [0.09922202 0.09306    0.09948039 0.1045557  0.10763511 0.09843305\n",
      "  0.09606306 0.10780316 0.09827042 0.09547713]\n",
      " [0.10191686 0.09206861 0.09623013 0.11370659 0.12362238 0.09117361\n",
      "  0.08874752 0.1108605  0.09139023 0.09028363]\n",
      " [0.10851619 0.09032132 0.10225472 0.09074126 0.10373335 0.11210935\n",
      "  0.09814181 0.09797233 0.09585881 0.10035084]\n",
      " [0.09984862 0.08158588 0.10243484 0.09318119 0.10134297 0.11777066\n",
      "  0.10158777 0.11447864 0.08996245 0.09780698]\n",
      " [0.09941748 0.09288795 0.09641605 0.10183361 0.09856602 0.10003655\n",
      "  0.09236853 0.11842273 0.1041881  0.09586298]\n",
      " [0.09648184 0.07995019 0.0943239  0.09823391 0.0929323  0.10445727\n",
      "  0.10843078 0.12274791 0.10302062 0.09942128]\n",
      " [0.10408225 0.0860285  0.10149089 0.10083035 0.09170778 0.10651447\n",
      "  0.10575747 0.10870612 0.10199381 0.09288836]\n",
      " [0.0949985  0.08360208 0.09606674 0.09119457 0.1022125  0.10559484\n",
      "  0.10956305 0.10604811 0.10829835 0.10242129]\n",
      " [0.10156282 0.09310906 0.09472155 0.09859118 0.10103992 0.10122778\n",
      "  0.10531353 0.10783131 0.10003697 0.09656586]\n",
      " [0.09076789 0.07930035 0.10370816 0.09401508 0.09382778 0.10799024\n",
      "  0.10485872 0.10522952 0.1090233  0.11127893]\n",
      " [0.1068465  0.08549427 0.0918742  0.09707508 0.0943146  0.10344291\n",
      "  0.09572881 0.12213954 0.09267338 0.11041079]\n",
      " [0.0979949  0.08751012 0.10244999 0.10390763 0.10783523 0.09926306\n",
      "  0.09901186 0.10531994 0.09766354 0.09904376]\n",
      " [0.09961215 0.07801159 0.1072875  0.09720321 0.09635741 0.09191346\n",
      "  0.09373046 0.11806162 0.12340227 0.09442025]\n",
      " [0.09865157 0.09034448 0.09239668 0.09325901 0.10695599 0.11140968\n",
      "  0.0938829  0.11904248 0.10285789 0.09119933]\n",
      " [0.10405266 0.08191519 0.1005372  0.10530523 0.10282019 0.11538615\n",
      "  0.0984344  0.10948914 0.0915589  0.09050096]\n",
      " [0.09922906 0.08563353 0.10181633 0.1103138  0.09832339 0.09546382\n",
      "  0.09547997 0.11585525 0.0986187  0.09926606]\n",
      " [0.10345937 0.09613302 0.10746391 0.0997671  0.09397613 0.09836643\n",
      "  0.0907921  0.11455417 0.10052265 0.09496509]\n",
      " [0.1110649  0.07733548 0.09526382 0.0964416  0.09920626 0.09781779\n",
      "  0.10583255 0.11281642 0.09427254 0.10994866]\n",
      " [0.0868895  0.09619734 0.10210637 0.1031087  0.10213629 0.1019075\n",
      "  0.09107678 0.11465632 0.10570826 0.09621298]\n",
      " [0.10757183 0.08638483 0.10481585 0.10108759 0.09495039 0.09743714\n",
      "  0.1013324  0.11156396 0.09926564 0.0955904 ]] (7.931 sec)\n"
     ]
    },
    {
     "name": "stdout",
     "output_type": "stream",
     "text": [
      "INFO:tensorflow:global_step/sec: 6.3346\n",
      "INFO:tensorflow:probabilities = [[0.09807547 0.08970343 0.10196818 0.09262507 0.09843923 0.10517189\n",
      "  0.09080268 0.11736428 0.10093208 0.10491773]\n",
      " [0.10252599 0.08073919 0.10200134 0.0935159  0.1037541  0.10437107\n",
      "  0.1004907  0.11262334 0.10726511 0.09271322]\n",
      " [0.09831989 0.08007162 0.10695257 0.09551533 0.10213115 0.09114186\n",
      "  0.1188745  0.10749141 0.11828338 0.08121823]\n",
      " [0.09939591 0.08518379 0.10430195 0.09499835 0.10874882 0.09423368\n",
      "  0.09361879 0.12048276 0.10655821 0.09247784]\n",
      " [0.10549046 0.07516424 0.10141779 0.09526232 0.11280674 0.09744348\n",
      "  0.10552552 0.10239786 0.11183988 0.09265164]\n",
      " [0.09999103 0.09179544 0.09839193 0.09457874 0.10111254 0.10515063\n",
      "  0.10578951 0.10332719 0.10980106 0.09006192]\n",
      " [0.09126976 0.07353509 0.10273086 0.11691853 0.11140813 0.10875004\n",
      "  0.09710636 0.1115734  0.10190834 0.08479952]\n",
      " [0.10473613 0.07668429 0.10608437 0.1076588  0.09337156 0.10854575\n",
      "  0.10867889 0.11006228 0.0933382  0.09083971]\n",
      " [0.11448135 0.08399746 0.09411713 0.09431639 0.11214542 0.09533839\n",
      "  0.09374399 0.10702763 0.10204186 0.1027905 ]\n",
      " [0.10010014 0.09358209 0.10035583 0.11191992 0.1018205  0.09263844\n",
      "  0.1009763  0.10501249 0.10096501 0.09262933]\n",
      " [0.10321596 0.08687103 0.09209947 0.09483238 0.11025582 0.09691935\n",
      "  0.09418648 0.11550162 0.09922842 0.10688948]\n",
      " [0.10613225 0.08891776 0.09858248 0.11309526 0.10508002 0.09330959\n",
      "  0.09994207 0.11413063 0.09990705 0.08090286]\n",
      " [0.11044417 0.08437874 0.11580879 0.10388143 0.09924028 0.09384463\n",
      "  0.09694275 0.09647474 0.10450082 0.09448367]\n",
      " [0.10087414 0.08345167 0.08284926 0.1089308  0.09603935 0.09599575\n",
      "  0.1158554  0.11795742 0.10455167 0.09349452]\n",
      " [0.10413929 0.08396123 0.10066636 0.10246499 0.10014828 0.09171964\n",
      "  0.08833737 0.11346771 0.11344192 0.10165323]\n",
      " [0.09494846 0.08480368 0.09261028 0.09925281 0.10903826 0.09372817\n",
      "  0.11161499 0.11734574 0.10109169 0.09556592]\n",
      " [0.10894105 0.08443857 0.09944502 0.10645029 0.09182993 0.09745207\n",
      "  0.10189445 0.11698773 0.10695095 0.08560991]\n",
      " [0.09899494 0.0793242  0.09686601 0.10503709 0.10347095 0.09068744\n",
      "  0.09653258 0.12684527 0.10716017 0.09508131]\n",
      " [0.0988166  0.08092093 0.10352854 0.09201327 0.10595635 0.11139896\n",
      "  0.09901913 0.11205402 0.10184257 0.09444956]\n",
      " [0.09829356 0.0802724  0.09094246 0.09737615 0.11021751 0.10941303\n",
      "  0.10808069 0.11215313 0.10228349 0.09096766]\n",
      " [0.09662007 0.08302043 0.10944808 0.09518305 0.10518462 0.10017835\n",
      "  0.09426496 0.11100758 0.1101986  0.09489425]\n",
      " [0.11153163 0.07756581 0.09291636 0.10847124 0.10729483 0.10983842\n",
      "  0.09704718 0.10330094 0.10024521 0.09178836]\n",
      " [0.09603442 0.08510575 0.10259291 0.09405781 0.10127478 0.09894646\n",
      "  0.09965169 0.10999889 0.11026213 0.10207511]\n",
      " [0.10197214 0.08651917 0.09418748 0.08901108 0.10203311 0.1058224\n",
      "  0.09949922 0.1170771  0.10515358 0.09872466]\n",
      " [0.09604956 0.09313014 0.10178868 0.10041083 0.09894998 0.11138994\n",
      "  0.08647298 0.1082796  0.1088486  0.09467983]\n",
      " [0.10892979 0.08817475 0.09299602 0.10439412 0.10807718 0.09953775\n",
      "  0.10252117 0.09784911 0.09116823 0.10635191]\n",
      " [0.11174291 0.08216539 0.09717751 0.0985303  0.11412023 0.09976856\n",
      "  0.09896203 0.11636686 0.09137341 0.08979275]\n",
      " [0.09671499 0.10274521 0.09477787 0.10290773 0.0973312  0.0950041\n",
      "  0.10195073 0.10898745 0.10315321 0.09642751]\n",
      " [0.10395879 0.08849082 0.09513877 0.10329775 0.11251427 0.09618932\n",
      "  0.09597985 0.10704899 0.09107629 0.10630503]\n",
      " [0.10170524 0.08495525 0.09583166 0.09755321 0.08915628 0.09785471\n",
      "  0.09839287 0.11254064 0.11438587 0.10762428]\n",
      " [0.09665556 0.08945107 0.10200687 0.10698007 0.09284724 0.11020291\n",
      "  0.10133858 0.11438253 0.09802837 0.0881068 ]\n",
      " [0.10465107 0.08685043 0.10865644 0.11402106 0.09160516 0.1016074\n",
      "  0.10004835 0.11068243 0.09574987 0.08612773]\n",
      " [0.1077245  0.08342912 0.0925983  0.09542394 0.10827283 0.10225224\n",
      "  0.09517249 0.11725584 0.09489781 0.10297287]\n",
      " [0.10540838 0.08148725 0.09389595 0.10004598 0.11236347 0.09941655\n",
      "  0.08848194 0.12035596 0.10013084 0.09841371]\n",
      " [0.10463788 0.08945218 0.09793942 0.09009843 0.10916973 0.1058524\n",
      "  0.09287854 0.10965136 0.10008463 0.10023538]\n",
      " [0.10153714 0.08965927 0.09459613 0.11821513 0.10615837 0.1050069\n",
      "  0.09888126 0.11021013 0.09417465 0.0815611 ]\n",
      " [0.11003925 0.09521734 0.10845125 0.0979709  0.09640217 0.09460522\n",
      "  0.10483614 0.10252338 0.09948208 0.09047226]\n",
      " [0.09762477 0.09163975 0.10169901 0.09613784 0.10150045 0.10395334\n",
      "  0.09157038 0.1105369  0.10970517 0.09563237]\n",
      " [0.10277186 0.08887713 0.10795566 0.10623679 0.09713226 0.09659407\n",
      "  0.10143019 0.11149169 0.0985996  0.08891072]\n",
      " [0.1107741  0.07206319 0.10104363 0.09902564 0.11019669 0.09264607\n",
      "  0.10801706 0.11008843 0.11414269 0.08200251]\n",
      " [0.100895   0.09113876 0.09050679 0.09657019 0.0966941  0.11302238\n",
      "  0.09452394 0.10797396 0.10629006 0.10238466]\n",
      " [0.0908989  0.09306838 0.11513864 0.09657702 0.10741714 0.08949913\n",
      "  0.09437167 0.11912464 0.10071941 0.0931851 ]\n",
      " [0.10218565 0.09476398 0.09778891 0.10472096 0.09374148 0.09267325\n",
      "  0.09630944 0.10809478 0.10667048 0.10305108]\n",
